1 0.000751 0.000100
2 0.000717 0.000101
3 0.000666 0.000102
4 0.00069 0.000124
5 0.000668 0.000111
6 0.000735 0.000144
7 0.000897 0.000182
8 0.000888 0.00015
9 0.000975 0.000203
10 0.001024 0.000239
11 0.00132 0.000317
12 0.001191 0.000281
13 0.001273 0.000303
14 0.001275 0.000393
15 0.001388 0.000368
16 0.001486 0.000391
17 0.001372 0.000574
18 0.001502 0.00052
19 0.001712 0.000609
20 0.001875 0.000642
21 0.002046 0.000571
22 0.002157 0.000669
23 0.00224 0.000626
24 0.002279 0.000685
25 0.002347 0.000832
26 0.002585 0.00075
27 0.002713 0.000826
28 0.003006 0.000814
29 0.002981 0.000724
30 0.003007 0.00085
31 0.003275 0.000947
32 0.003083 0.000935
33 0.003135 0.000972
34 0.003307 0.001043
35 0.003526 0.000972
36 0.003598 0.001161
37 0.003592 0.00106
38 0.003599 0.00097
39 0.003948 0.001132
40 0.00404 0.001094
41 0.004186 0.001103
42 0.003933 0.001389
43 0.003821 0.001081
44 0.003841 0.001292
45 0.004278 0.001272
46 0.004308 0.001141
47 0.005261 0.001224
48 0.004746 0.0011
49 0.005416 0.001072
50 0.005363 0.001153
51 0.005789 0.001244
52 0.005907 0.001341
53 0.005796 0.00118
54 0.005698 0.001153
55 0.005962 0.001246
56 0.006024 0.001089
57 0.006641 0.001152
58 0.006592 0.001302
59 0.00676 0.001406
60 0.007009 0.001509
61 0.007052 0.001281
62 0.007354 0.001511
63 0.007125 0.001486
64 0.007161 0.001415
65 0.007817 0.001416
66 0.007531 0.001577
67 0.007609 0.001545
68 0.007731 0.00158
69 0.007838 0.001593
70 0.008026 0.00158
71 0.007964 0.001604
72 0.009014 0.001602
73 0.008932 0.001549
74 0.00907 0.0017
75 0.008968 0.001794
76 0.00923 0.001661
77 0.009532 0.001731
78 0.009575 0.001844
79 0.009972 0.001766
80 0.009837 0.001789
81 0.009606 0.001947
82 0.010344 0.002007
83 0.010071 0.002019
84 0.010341 0.001857
85 0.010541 0.001878
86 0.010707 0.002029
87 0.010855 0.001976
88 0.010814 0.002119
89 0.010683 0.001953
90 0.010695 0.002189
91 0.011324 0.002222
92 0.01142 0.002131
93 0.011402 0.002167
94 0.011543 0.00229
95 0.010932 0.002296
96 0.010977 0.002206
97 0.011595 0.002321
98 0.011384 0.002324
99 0.011314 0.002151
100 0.01136 0.002502
101 0.011733 0.002511
102 0.013129 0.002358
103 0.013151 0.002346
104 0.013499 0.002389
105 0.014184 0.002408
106 0.054978 0.002582
107 0.0143 0.00244
108 0.014609 0.002596
109 0.014769 0.002537
110 0.014883 0.002815
111 0.014925 0.002855
112 0.015124 0.002603
113 0.015515 0.002641
114 0.016056 0.002507
115 0.01642 0.002849
116 0.016575 0.002819
117 0.01665 0.00286
118 0.016837 0.002818
119 0.016939 0.00289
120 0.017098 0.002832
121 0.018117 0.002846
122 0.019108 0.002928
123 0.018766 0.003032
124 0.018918 0.003147
125 0.018822 0.002997
126 0.020509 0.003514
127 0.019534 0.003095
128 0.019277 0.003186
129 0.019606 0.00306
130 0.019658 0.003113
131 0.019824 0.003326
132 0.020282 0.003377
133 0.020789 0.003071
134 0.020344 0.003398
135 0.021227 0.003148
136 0.021941 0.003381
137 0.022414 0.003216
138 0.022525 0.00343
139 0.022823 0.003521
140 0.022875 0.00334
141 0.023946 0.0034
142 0.022999 0.003491
143 0.024551 0.00376
144 0.024593 0.003483
145 0.025819 0.003474
146 0.025302 0.0036
147 0.025517 0.003631
148 0.026263 0.003753
149 0.026171 0.003636
150 0.026707 0.003925
151 0.026151 0.003776
152 0.026347 0.003824
153 0.026608 0.003737
154 0.026993 0.003739
155 0.028193 0.003968
156 0.028194 0.003931
157 0.028591 0.003933
158 0.034958 0.004019
159 0.029046 0.004076
160 0.028701 0.004147
161 0.028877 0.003996
162 0.029134 0.003986
163 0.03096 0.00405
164 0.030513 0.0042
165 0.031489 0.004187
166 0.03306 0.004172
167 0.031068 0.004041
168 0.03213 0.004245
169 0.032455 0.004312
170 0.032332 0.004018
171 0.032939 0.004574
172 0.032496 0.004225
173 0.033801 0.004339
174 0.033952 0.004256
175 0.080309 0.004421
176 0.03521 0.004279
177 0.036013 0.004594
178 0.035323 0.004311
179 0.06357 0.005426
180 0.035292 0.004479
181 0.036751 0.004622
182 0.036115 0.004556
183 0.036278 0.004538
184 0.038104 0.004656
185 0.036544 0.004647
186 0.038003 0.00475
187 0.037436 0.00479
188 0.036689 0.004671
189 0.038475 0.004952
190 0.038509 0.005131
191 0.037604 0.0048
192 0.039309 0.004741
193 0.039142 0.00502
194 0.038827 0.004822
195 0.041558 0.005173
196 0.041258 0.004908
197 0.04145 0.005226
198 0.041553 0.005131
199 0.042792 0.005028
200 0.042593 0.005388
201 0.042157 0.005112
202 0.042264 0.005096
203 0.043396 0.005302
204 0.042742 0.005307
205 0.042362 0.005105
206 0.044907 0.005432
207 0.056493 0.028922
208 0.045546 0.005409
209 0.045585 0.005411
210 0.045938 0.005437
211 0.04624 0.005673
212 0.046749 0.005405
213 0.046197 0.005381
214 0.048092 0.005727
215 0.046804 0.005527
216 0.046874 0.005336
217 0.048031 0.005568
218 0.047322 0.005653
219 0.049436 0.005614
220 0.050982 0.005969
221 0.048886 0.005967
222 0.05028 0.005794
223 0.051754 0.005931
224 0.050521 0.00583
225 0.051568 0.00587
226 0.05059 0.005965
227 0.050972 0.006214
228 0.162021 0.006013
229 0.052313 0.005962
230 0.053292 0.006258
231 0.05146 0.006092
232 0.055222 0.006057
233 0.053119 0.006132
234 0.054476 0.006164
235 0.055899 0.006385
236 0.058018 0.006408
237 0.058686 0.006165
238 0.060123 0.006424
239 0.060142 0.006167
240 0.059961 0.006305
241 0.059186 0.006471
242 0.059217 0.006326
243 0.060217 0.006442
244 0.060684 0.006653
245 0.060099 0.006423
246 0.063996 0.006498
247 0.062576 0.006642
248 0.062891 0.006864
249 0.063755 0.006489
250 0.063154 0.006662
251 0.062664 0.007079
252 0.063527 0.006512
253 0.065764 0.006681
254 0.064367 0.006494
255 0.065277 0.006562
256 0.065354 0.00722
257 0.065285 0.007001
258 0.066446 0.006708
259 0.065368 0.006803
260 0.066721 0.006746
261 0.067926 0.006997
262 0.067976 0.007085
263 0.067612 0.007476
264 0.08067 0.008594
265 0.082534 0.008587
266 0.082434 0.008682
267 0.084298 0.008497
268 0.084082 0.008663
269 0.083774 0.008595
270 0.151539 0.008602
271 0.088052 0.009097
272 0.086266 0.008665
273 0.08713 0.008688
274 0.086557 0.009055
275 0.086953 0.00925
276 0.087943 0.00867
277 0.087776 0.009112
278 0.089282 0.008723
279 0.088981 0.00923
280 0.089273 0.009203
281 0.140112 0.009944
282 0.100141 0.009071
283 0.097901 0.009072
284 0.097636 0.009441
285 0.097975 0.009165
286 0.097493 0.009082
287 0.09498 0.00889
288 0.102862 0.009322
289 0.099796 0.009603
290 0.101178 0.009212
291 0.102297 0.009493
292 0.103888 0.009623
293 0.102738 0.009197
294 0.102171 0.009661
295 0.104232 0.00994
296 0.102463 0.009738
297 0.180272 0.012497
298 0.110555 0.009577
299 0.113176 0.009693
300 0.105248 0.009723
301 0.104901 0.009676
302 0.103207 0.010111
303 0.106502 0.010161
304 0.10881 0.010326
305 0.110059 0.009957
306 0.109414 0.01018
307 0.108359 0.00988
308 0.108213 0.010249
309 0.110129 0.010126
310 0.109677 0.01044
311 0.107785 0.009862
312 0.108166 0.010544
313 0.108692 0.010328
314 0.110456 0.010512
315 0.114237 0.010058
316 0.113443 0.010521
317 0.113739 0.010265
318 0.111799 0.01048
319 0.116056 0.009974
320 0.113971 0.010654
321 0.116299 0.010932
322 0.114368 0.010504
323 0.116847 0.010881
324 0.114223 0.01109
325 0.120872 0.010631
326 0.12162 0.010886
327 0.120735 0.010918
328 0.122162 0.011317
329 0.123265 0.010972
330 0.120678 0.010866
331 0.120028 0.011011
332 0.120348 0.011403
333 0.122269 0.011517
334 0.123238 0.011278
335 0.109319 0.010463
336 0.110926 0.010023
337 0.113428 0.010305
338 0.105656 0.009186
339 0.102603 0.009093
340 0.103465 0.009311
341 0.107728 0.009534
342 0.111341 0.009804
343 0.114313 0.009893
344 0.115177 0.009598
345 0.111993 0.009565
346 0.114134 0.009735
347 0.115127 0.009773
348 0.279239 0.010028
349 0.215833 0.011991
350 0.131487 0.011019
351 0.117397 0.009817
352 0.115845 0.009822
353 0.1156 0.009788
354 0.118285 0.009801
355 0.117421 0.010329
356 0.117633 0.010265
357 0.118602 0.010006
358 0.11976 0.010219
359 0.143385 0.010055
360 0.121601 0.010426
361 0.119384 0.010143
362 0.120192 0.010246
363 0.122469 0.010494
364 0.120918 0.010316
365 0.122142 0.010628
366 0.124001 0.010172
367 0.123212 0.010089
368 0.124004 0.01026
369 0.123252 0.010206
370 0.121313 0.010903
371 0.159083 0.013593
372 0.158752 0.012921
373 0.18343 0.013274
374 0.173862 0.013347
375 0.157071 0.011885
376 0.159738 0.011961
377 0.156926 0.012185
378 0.158835 0.01211
379 0.158345 0.011103
380 0.205078 0.011262
381 0.142475 0.011299
382 0.144901 0.011215
383 0.143553 0.010837
384 0.219559 0.010841
385 0.14118 0.01087
386 0.142065 0.010631
387 0.169153 0.030771
388 0.211228 0.010835
389 0.144189 0.011036
390 0.144651 0.011027
391 0.145808 0.011181
392 0.141905 0.010893
393 0.143941 0.010938
394 0.143998 0.011325
395 0.148274 0.011209
396 0.224101 0.011255
397 0.149718 0.011686
398 0.150697 0.011208
399 0.149951 0.011255
400 0.151946 0.011369
401 0.152177 0.01136
402 0.154798 0.011173
403 0.152637 0.011305
404 0.202931 0.016517
405 0.154232 0.011591
406 0.157083 0.011553
407 0.155392 0.011437
408 0.151082 0.011297
409 0.155418 0.011934
410 0.155275 0.011578
411 0.153073 0.012075
412 0.156297 0.012254
413 0.154424 0.011976
414 0.158995 0.011723
415 0.159106 0.011906
416 0.156218 0.011829
417 0.164154 0.011873
418 0.162423 0.011696
419 0.163635 0.011695
420 0.164982 0.012251
421 0.210162 0.011985
422 0.166254 0.01209
423 0.238133 0.012266
424 0.167492 0.012046
425 0.166922 0.012204
426 0.167183 0.012104
427 0.170066 0.012012
428 0.169802 0.01186
429 0.169515 0.012319
430 0.173359 0.012029
431 0.176406 0.012295
432 0.17591 0.012418
433 0.178868 0.012609
434 0.177871 0.012479
435 0.242258 0.012738
436 0.177752 0.012593
437 0.175749 0.012064
438 0.177198 0.012383
439 0.19965 0.012514
440 0.18148 0.012386
441 0.180251 0.012609
442 0.180445 0.012849
443 0.181857 0.012666
444 0.181272 0.012878
445 0.184041 0.012519
446 0.180473 0.038416
447 0.182583 0.013003
448 0.182294 0.013282
449 0.281932 0.013055
450 0.18701 0.012838
451 0.184923 0.013113
452 0.19009 0.013372
453 0.193056 0.012935
454 0.191064 0.013221
455 0.191739 0.013267
456 0.192029 0.013
457 0.240576 0.013391
458 0.196029 0.013675
459 0.194859 0.01334
460 0.197807 0.013268
461 0.1952 0.013416
462 0.198289 0.013448
463 0.196464 0.013451
464 0.19719 0.014221
465 0.198188 0.013543
466 0.202029 0.013265
467 0.203597 0.013912
468 0.203908 0.013601
469 0.249212 0.013932
470 0.205491 0.013001
471 0.205466 0.014031
472 0.206419 0.013758
473 0.204062 0.013564
474 0.207524 0.013767
475 0.207604 0.013756
476 0.207848 0.013649
477 0.210054 0.01408
478 0.211618 0.013467
479 0.264059 0.016716
480 0.260937 0.017337
481 0.264931 0.01727
482 0.283007 0.017768
483 0.266744 0.017339
484 0.268654 0.017545
485 0.293716 0.017544
486 0.272918 0.01775
487 0.275347 0.017873
488 0.295053 0.017484
489 0.274379 0.017841
490 0.272158 0.015984
491 0.423417 0.059188
492 0.246527 0.015887
493 0.248612 0.015623
494 0.244851 0.014417
495 0.225006 0.014126
496 0.226915 0.014572
497 0.22799 0.014377
498 0.228395 0.014653
499 0.22737 0.01448
500 0.230525 0.015042
501 0.284688 0.021098
502 0.229678 0.014641
503 0.229177 0.014633
504 0.228639 0.014797
505 0.22984 0.015021
506 0.232224 0.015127
507 0.231162 0.015088
508 0.231345 0.015111
509 0.237008 0.014821
510 0.234876 0.015001
511 0.236971 0.01555
512 0.234121 0.014832
513 0.237644 0.015407
514 0.236893 0.015054
515 0.238552 0.015559
516 0.233755 0.015052
517 0.23756 0.015515
518 0.23867 0.015162
519 0.236345 0.0152
520 0.339665 0.015358
521 0.239304 0.015086
522 0.238241 0.015432
523 0.242464 0.015586
524 0.242588 0.015586
525 0.240872 0.015306
526 0.246289 0.015649
527 0.273999 0.017695
528 0.278249 0.017859
529 0.473554 0.017998
530 0.281333 0.01808
531 0.279374 0.017614
532 0.281916 0.018084
533 0.287662 0.017486
534 0.285751 0.017591
535 0.283622 0.017753
536 0.285691 0.018177
537 0.281232 0.017788
538 0.283867 0.018004
539 0.290417 0.018097
540 0.309325 0.01834
541 0.284107 0.018128
542 0.284727 0.018021
543 0.360511 0.018548
544 0.29277 0.018164
545 0.3438 0.018513
546 0.397389 0.018191
547 0.311737 0.017814
548 0.311593 0.019149
549 0.380955 0.018248
550 0.310747 0.018553
551 0.311506 0.0178
552 0.385352 0.018311
553 0.317211 0.01836
554 0.322358 0.018133
555 0.377378 0.039357
556 0.323771 0.018801
557 0.318919 0.018704
558 0.387335 0.018818
559 0.321777 0.01911
560 0.323905 0.019146
561 0.347391 0.053262
562 0.327509 0.01884
563 0.335351 0.019114
564 0.392285 0.018668
565 0.33828 0.018645
566 0.414927 0.019151
567 0.398411 0.019693
568 0.336779 0.019054
569 0.341327 0.019567
570 0.389591 0.019038
571 0.337891 0.019368
572 0.338562 0.019624
573 0.410859 0.019832
574 0.33638 0.088413
575 0.340713 0.020204
576 0.36451 0.019512
577 0.337974 0.019881
578 0.422388 0.020379
579 0.341787 0.019807
580 0.344086 0.019881
581 0.34474 0.019665
582 0.341865 0.019703
583 0.344092 0.020079
584 0.344576 0.019953
585 0.346362 0.019802
586 0.343134 0.020304
587 0.345144 0.019643
588 0.347199 0.019881
589 0.356286 0.020408
590 0.352389 0.020665
591 0.351702 0.020221
592 0.349906 0.020137
593 0.352759 0.019559
594 0.346443 0.020774
595 0.356838 0.020656
596 0.358264 0.020708
597 0.358504 0.020784
598 0.359481 0.021464
599 0.359416 0.02103
600 0.361397 0.020691
601 0.357957 0.020805
602 0.363278 0.023549
603 0.359824 0.020958
604 0.362529 0.020157
605 0.367536 0.02066
606 0.355324 0.020138
607 0.324158 0.019407
608 0.330463 0.019057
609 0.333855 0.018768
610 0.397836 0.018248
611 0.329554 0.019296
612 0.336104 0.018854
613 0.335735 0.019014
614 0.326902 0.018231
615 0.332277 0.018996
616 0.327821 0.018489
617 0.328055 0.018769
618 0.483576 0.022336
619 0.334048 0.018535
620 0.332321 0.019318
621 0.434106 0.022695
622 0.334367 0.018381
623 0.396775 0.018619
624 0.389846 0.019311
625 0.349076 0.019216
626 0.351789 0.019092
627 0.473972 0.019011
628 0.367037 0.019584
629 0.367757 0.019358
630 0.479192 0.019495
631 0.367781 0.019727
632 0.446942 0.019366
633 0.431012 0.039402
634 0.371182 0.019613
635 0.372578 0.019503
636 0.37336 0.01887
637 0.378671 0.01959
638 0.374108 0.019494
639 0.379903 0.019646
640 0.375555 0.0194
641 0.528497 0.01946
642 0.376828 0.019253
643 0.376708 0.019137
644 0.383014 0.019291
645 0.38016 0.019835
646 0.381084 0.019792
647 0.380695 0.020085
648 0.383945 0.019631
649 0.495691 0.019081
650 0.386789 0.0196
651 0.386897 0.019615
652 0.48972 0.020085
653 0.381615 0.019001
654 0.390266 0.019602
655 0.388452 0.019571
656 0.387322 0.020312
657 0.437297 0.020016
658 0.519201 0.019985
659 0.387613 0.020684
660 0.392528 0.01977
661 0.39339 0.020073
662 0.39299 0.020461
663 0.389989 0.020338
664 0.407631 0.019916
665 0.402564 0.020465
666 0.405257 0.020401
667 0.400573 0.020842
668 0.401547 0.020524
669 0.409631 0.02066
670 0.404996 0.020177
671 0.408332 0.0206
672 0.405488 0.02077
673 0.41063 0.020549
674 0.408092 0.020696
675 0.409185 0.020094
676 0.410652 0.020688
677 0.410232 0.020673
678 0.433603 0.020708
679 0.412178 0.020112
680 0.414876 0.020683
681 0.417519 0.02091
682 0.507216 0.020856
683 0.715713 0.023684
684 0.45792 0.023365
685 0.563035 0.023605
686 0.59508 0.020659
687 0.424174 0.021153
688 0.425077 0.021367
689 0.422534 0.021449
690 0.427042 0.021157
691 0.451448 0.021078
692 0.425817 0.021443
693 0.422925 0.021061
694 0.708124 0.02104
695 0.477486 0.021495
696 0.469459 0.020592
697 0.430469 0.020975
698 0.429365 0.021194
699 0.428168 0.021552
700 0.452788 0.021318
701 0.433271 0.021074
702 0.520433 0.071539
703 0.435369 0.021757
704 0.436852 0.021484
705 0.433904 0.021513
706 0.438655 0.021728
707 0.439447 0.022199
708 0.49061 0.021372
709 0.441778 0.022236
710 0.632503 0.021865
711 0.442227 0.021831
712 0.442392 0.021971
713 0.445227 0.021853
714 0.447227 0.021833
715 0.443572 0.022239
716 0.448188 0.022163
717 0.450723 0.022374
718 0.597804 0.022059
719 0.451838 0.022922
720 0.575258 0.02175
721 0.457124 0.022999
722 0.453734 0.022481
723 0.541548 0.022167
724 0.454754 0.022123
725 0.456051 0.021844
726 0.552672 0.046845
727 0.458963 0.021749
728 0.454865 0.021818
729 0.456337 0.022509
730 0.460352 0.022588
731 0.46404 0.022903
732 0.464446 0.022434
733 0.459302 0.022961
734 0.567321 0.02287
735 0.480602 0.022135
736 0.483324 0.02193
737 0.487036 0.02317
738 0.659246 0.022866
739 0.485285 0.02248
740 0.488595 0.022322
741 0.484603 0.023241
742 0.487596 0.022351
743 0.487512 0.022283
744 0.487004 0.023203
745 0.48975 0.022933
746 0.592528 0.023409
747 0.494685 0.023572
748 0.494552 0.023199
749 0.559427 0.021966
750 0.488991 0.023744
751 0.501029 0.022769
752 0.57182 0.023101
753 0.498346 0.023149
754 0.509394 0.023216
755 0.507491 0.023457
756 0.510808 0.023195
757 0.558501 0.023772
758 0.508166 0.023383
759 0.510286 0.022885
760 0.505149 0.024132
761 0.593364 0.02313
762 0.521056 0.024221
763 0.580504 0.023436
764 0.523658 0.024066
765 0.594784 0.024434
766 0.617875 0.023788
767 0.518941 0.024198
768 0.519769 0.023863
769 0.738695 0.023956
770 0.523811 0.023709
771 0.528574 0.023491
772 0.530299 0.024512
773 0.541092 0.023742
774 0.548972 0.052639
775 0.540962 0.023668
776 0.534658 0.024199
777 0.639369 0.023737
778 0.549056 0.024383
779 0.542172 0.023694
780 0.549321 0.024581
781 0.592167 0.02415
782 0.75031 0.024381
783 0.544322 0.024459
784 0.548335 0.024625
785 0.546366 0.024645
786 0.549102 0.024112
787 0.545844 0.024384
788 0.543852 0.02417
789 0.546695 0.02552
790 0.551527 0.025026
791 0.624025 0.024494
792 0.550514 0.025004
793 0.615555 0.025513
794 0.54657 0.024709
795 0.547087 0.025119
796 0.558027 0.024456
797 0.567589 0.024739
798 0.566579 0.0247
799 0.563514 0.024786
800 0.565285 0.025079
801 0.573383 0.024663
802 0.750816 0.025144
803 0.566138 0.025456
804 0.709453 0.025035
805 0.569253 0.025116
806 0.65032 0.025147
807 0.568677 0.024941
808 0.565714 0.025211
809 0.754942 0.025258
810 0.573043 0.024643
811 0.571879 0.024725
812 0.577667 0.024632
813 0.594885 0.054348
814 0.587386 0.026055
815 0.634303 0.025015
816 0.584832 0.024958
817 0.755101 0.026648
818 0.58355 0.025756
819 0.757099 0.025813
820 0.589338 0.025577
821 0.621004 0.026172
822 0.589734 0.026009
823 0.594075 0.024875
824 0.590714 0.025867
825 0.653625 0.025001
826 0.592836 0.025506
827 0.591518 0.025427
828 0.677108 0.025073
829 0.595619 0.026442
830 0.717028 0.074234
831 0.597531 0.025854
832 0.598759 0.026155
833 0.676946 0.026053
834 0.602429 0.025996
835 0.601315 0.025892
836 0.60163 0.025679
837 0.601421 0.02614
838 0.604225 0.026563
839 0.724528 0.05546
840 0.627253 0.026519
841 0.709813 0.026767
842 0.61854 0.026162
843 0.62528 0.027086
844 0.616106 0.026968
845 0.614339 0.026796
846 0.792919 0.052063
847 0.632692 0.026108
848 0.632695 0.027045
849 0.681617 0.026962
850 0.633113 0.026007
851 0.638961 0.041162
852 0.642807 0.026979
853 0.7785 0.026706
854 0.638077 0.027299
855 0.643035 0.026501
856 0.645916 0.026481
857 0.650016 0.027024
858 0.6441 0.026881
859 0.72313 0.02788
860 1.04609 0.027434
861 0.777067 0.027208
862 0.646778 0.027192
863 0.648978 0.027299
864 0.649942 0.02738
865 0.648577 0.028195
866 0.646751 0.037587
867 0.661897 0.026994
868 0.646301 0.027208
869 0.655182 0.027402
870 0.850075 0.027574
871 0.710843 0.027608
872 0.657072 0.027532
873 0.720009 0.028059
874 0.656242 0.027724
875 0.655177 0.027222
876 0.695096 0.045989
877 0.658323 0.027092
878 0.668935 0.027645
879 0.668346 0.02857
880 0.668532 0.027753
881 0.667814 0.087794
882 0.664776 0.028019
883 0.662644 0.027732
884 0.667708 0.027774
885 0.669876 0.028644
886 0.675943 0.027986
887 0.671292 0.028016
888 0.669932 0.027578
889 0.771683 0.028442
890 0.689041 0.028119
891 0.689861 0.028772
892 0.740893 0.028834
893 0.683712 0.027866
894 0.935578 0.028765
895 0.697214 0.027492
896 0.693581 0.029118
897 0.697849 0.028886
898 0.69393 0.028734
899 0.776475 0.029036
900 0.694878 0.02874
910 0.72672 0.029599
920 0.848292 0.050306
930 0.826328 0.032995
940 0.830153 0.033714
950 0.933308 0.035967
960 0.941147 0.037385
970 0.955692 0.038107
980 1.00359 0.038372
990 1.06981 0.038419
1000 1.2636 0.041663
1020 1.17163 0.038803
1040 1.15916 0.044565
1060 1.28746 0.045506
1080 1.28364 0.046565
1100 1.3684 0.046143
1120 1.4514 0.048411
1140 1.45975 0.049883
1160 1.50761 0.050764
1180 1.55972 0.051911
1200 1.61564 0.053336
1220 1.67345 0.046234
1240 1.55321 0.046808
1260 1.54572 0.042878
1280 1.4973 0.045245
1300 1.54367 0.043296
1320 1.60182 0.044083
1340 1.54816 0.045274
1360 1.5734 0.045141
1380 1.62941 0.046312
1400 1.75849 0.046632
1420 1.71293 0.047827
1440 1.7507 0.048534
1460 1.92426 0.048853
1480 1.87446 0.049405
1500 1.87511 0.050105
1520 1.91737 0.052098
1540 2.0082 0.05274
1560 2.05663 0.053175
1580 2.10074 0.053564
1600 2.15904 0.053393
1620 2.28354 0.052768
1640 2.34179 0.054563
1660 2.3187 0.055959
1680 2.35689 0.055539
1700 2.4327 0.055449
1720 2.44952 0.054352
1740 2.37856 0.0561
1760 2.49024 0.058233
1780 2.57339 0.057091
1800 2.71683 0.074827
1820 2.8111 0.059494
1840 2.82451 0.060949
1860 2.90203 0.062673
1880 2.89766 0.059995
1900 2.93563 0.061755
1920 2.9555 0.06146
1940 3.07341 0.062228
1960 3.17295 0.063861
1980 3.17665 0.066966
2000 3.15919 0.065078
2020 3.25754 0.064451
2040 3.29798 0.066044
2060 3.33987 0.067562
2080 3.64211 0.068921
2100 3.59976 0.069331
2120 3.5623 0.092428
2140 3.82349 0.07039
2160 3.71085 0.071822
2180 3.86953 0.069997
2200 4.03903 0.073192
2220 3.90948 0.073319
2240 4.14875 0.072649
2260 4.13906 0.074641
2280 4.29457 0.074808
2300 4.20318 0.077995
2320 4.38415 0.076184
2340 4.46291 0.077211
2360 4.62556 0.077877
2380 4.68709 0.079422
2400 5.74575 0.103278
2420 5.87735 0.093832
2440 5.38193 0.084015
2460 5.19559 0.08444
2480 5.09983 0.137236
2500 5.20086 0.084495
2520 5.30589 0.085217
2540 5.19046 0.084862
2560 5.53506 0.086693
2580 5.4441 0.086934
2600 5.73671 0.087397
4000 16.408 0.158724
5000 25.63 0.193698
6000 37.3339 0.220566
7000 50.256 0.259829
8000 66.6371 0.302051
9000 86.4641 0.343356
10000 106.411 0.380845
11000 133.185 0.43353
12000 161.571 0.477172
13000 190.857 0.517484
