66 0.008625 0.001822
293 0.122337 0.032265
30 0.002575 0.000671
163 0.034773 0.004419
53 0.00651 0.00121
55 0.00793 0.001568
75 0.011193 0.002163
161 0.035925 0.004866
220 0.061159 0.007155
288 0.109541 0.010096
33 0.00336 0.000939
188 0.064013 0.006419
91 0.014405 0.002851
143 0.03241 0.004791
233 0.068771 0.008117
245 0.080056 0.008369
163 0.039857 0.005342
236 0.076936 0.008319
153 0.034712 0.00489
253 0.082743 0.008678
237 0.07508 0.008117
201 0.055975 0.006509
42 0.004141 0.001366
95 0.014169 0.003037
225 0.066566 0.007773
81 0.013063 0.002667
23 0.002379 0.000657
89 0.014187 0.002562
279 0.097849 0.010011
196 0.054891 0.006545
149 0.033741 0.004822
11 0.001103 0.000301
35 0.003393 0.001034
251 0.083066 0.009162
74 0.011718 0.00237
245 0.081794 0.00836
151 0.030623 0.004548
15 0.001159 0.000341
207 0.05127 0.006412
283 0.092357 0.009002
239 0.069052 0.007351
101 0.015423 0.021287
55 0.006247 0.001366
164 0.032505 0.004458
176 0.036608 0.004517
221 0.052654 0.006293
289 0.087839 0.008265
31 0.002621 0.000739
138 0.022773 0.003719
107 0.014918 0.002473
73 0.009341 0.001672
175 0.036056 0.004646
45 0.003862 0.001132
259 0.069516 0.007095
293 0.087351 0.008115
285 0.086336 0.008086
68 0.008006 0.001697
266 0.073052 0.007505
111 0.01579 0.002944
259 0.070309 0.007144
69 0.008144 0.001663
14 0.001027 0.000315
86 0.011066 0.00211
252 0.068045 0.006893
99 0.011693 0.002344
103 0.013776 0.00246
33 0.00267 0.000787
272 0.077904 0.007684
283 0.085184 0.00806
41 0.003156 0.000883
216 0.050627 0.005836
261 0.068101 0.007228
299 0.092013 0.008495
254 0.068767 0.007063
2 0.000612 7.3e-05
206 0.045602 0.005639
103 0.014081 0.002399
58 0.007013 0.001307
158 0.031186 0.004316
120 0.017547 0.002961
41 0.003342 0.000925
235 0.056996 0.006641
298 0.092209 0.008736
41 0.003212 0.001004
218 0.049897 0.005867
224 0.054976 0.006107
138 0.02358 0.003588
115 0.016942 0.002901
126 0.019575 0.003372
4 0.000594 0.000118
274 0.13532 0.008131
107 0.01537 0.002469
193 0.041069 0.0052
259 0.068837 0.007127
194 0.041548 0.005045
194 0.041464 0.004966
9 0.00089 0.000186
214 0.046204 0.005541
215 0.046451 0.005482
146 0.025858 0.003578
251 0.062995 0.006969
280 0.074811 0.007653
177 0.035009 0.004698
89 0.011073 0.002129
112 0.015123 0.002743
107 0.014401 0.002304
76 0.009218 0.001679
231 0.051128 0.006132
199 0.043731 0.005148
201 0.041454 0.005165
180 0.036518 0.004512
64 0.007239 0.001377
281 0.074737 0.00762
190 0.038255 0.005172
222 0.049569 0.005841
237 0.070681 0.00788
280 0.095123 0.009488
223 0.062465 0.007575
107 0.018699 0.002839
273 0.09041 0.0086
67 0.008556 0.001755
138 0.024838 0.003888
292 0.091534 0.008673
2 0.000647 0.000102
152 0.029082 0.004256
206 0.043939 0.005474
89 0.010989 0.002003
237 0.0587 0.006396
233 0.053605 0.006202
121 0.018605 0.002763
139 0.022641 0.003562
208 0.04506 0.005427
37 0.002779 0.000825
99 0.013172 0.002218
250 0.063338 0.006788
127 0.019743 0.003088
141 0.024013 0.003415
268 0.069401 0.007308
223 0.051708 0.005954
269 0.075167 0.007133
77 0.009205 0.001728
218 0.049175 0.005635
158 0.028986 0.004122
91 0.010663 0.002181
149 0.025024 0.003635
207 0.045788 0.005598
129 0.019793 0.003104
83 0.010427 0.001972
99 0.011647 0.00221
135 0.02109 0.003291
32 0.002549 0.000741
86 0.010415 0.001938
156 0.02817 0.003892
204 0.043835 0.005217
72 0.009049 0.001561
68 0.007479 0.001547
292 0.08342 0.007815
127 0.019351 0.003086
275 0.073606 0.00763
183 0.037911 0.004592
165 0.030863 0.004143
95 0.010473 0.002283
34 0.002449 0.000719
130 0.018739 0.003102
263 0.064389 0.007181
79 0.009312 0.001756
240 0.059857 0.00626
229 0.051377 0.005855
106 0.013774 0.002595
228 0.050245 0.005922
254 0.063287 0.006567
54 0.0059 0.00117
163 0.049582 0.004057
118 0.01652 0.002874
13 0.000936 0.000223
275 0.073383 0.007774
157 0.028874 0.003794
267 0.067672 0.006894
28 0.002182 0.000606
254 0.063647 0.006367
115 0.016841 0.002957
249 0.063882 0.006544
182 0.03525 0.004664
287 0.080948 0.007587
190 0.038393 0.005214
174 0.033549 0.004279
186 0.036855 0.004721
125 0.018905 0.00297
44 0.003381 0.001077
125 0.018835 0.002999
255 0.064556 0.006776
46 0.003755 0.000974
101 0.012024 0.00256
56 0.006103 0.001056
251 0.06453 0.007104
251 0.064139 0.007012
262 0.06829 0.00674
8 0.000754 0.000153
197 0.041489 0.005221
216 0.047026 0.00555
37 0.002785 0.00084
15 0.000999 0.000291
118 0.016468 0.002933
59 0.006554 0.001371
291 0.084398 0.007937
120 0.016994 0.002893
53 0.005747 0.001161
106 0.014444 0.002582
208 0.044902 0.005517
20 0.001458 0.000484
213 0.046612 0.005369
175 0.034689 0.004337
191 0.037625 0.004755
266 0.069361 0.007443
300 0.150285 0.011764
137 0.022535 0.003361
205 0.043699 0.005426
125 0.018663 0.003136
103 0.013436 0.002317
279 0.074282 0.007755
54 0.005867 0.001078
246 0.060499 0.0067
200 0.043283 0.005403
231 0.052135 0.005961
170 0.032531 0.00419
138 0.022186 0.003522
5 0.000585 0.000115
56 0.006089 0.001069
266 0.070358 0.007033
277 0.073016 0.007466
89 0.011004 0.002019
188 0.037687 0.004729
36 0.002669 0.000823
65 0.007683 0.001471
271 0.072675 0.007663
137 0.02204 0.003379
60 0.007005 0.001539
189 0.037894 0.004957
165 0.031094 0.004174
231 0.052247 0.006069
258 0.067643 0.006737
255 0.066305 0.006668
280 0.076867 0.007765
81 0.009979 0.001903
278 0.076233 0.007292
277 0.071422 0.00752
168 0.030374 0.004222
256 0.155507 0.02706
132 0.022503 0.00365
26 0.002098 0.000622
192 0.043556 0.005227
177 0.039045 0.005107
155 0.030313 0.004404
252 0.07043 0.007115
293 0.091932 0.008536
275 0.080874 0.008591
246 0.066706 0.00731
197 0.0471 0.005825
76 0.010216 0.001851
284 0.090324 0.008575
215 0.051619 0.006206
148 0.028627 0.00399
53 0.006325 0.001234
57 0.007081 0.00128
84 0.011335 0.002082
39 0.003354 0.001009
146 0.027667 0.003983
290 0.092571 0.008691
181 0.040371 0.005085
31 0.002593 0.000825
38 0.003187 0.000894
44 0.003608 0.001166
263 0.07428 0.008084
273 0.081675 0.007917
41 0.003446 0.000978
47 0.004879 0.00123
231 0.057826 0.006749
112 0.016648 0.003002
122 0.020472 0.003124
100 0.01313 0.002606
116 0.017759 0.003195
107 0.016308 0.002516
216 0.051944 0.006271
176 0.039199 0.004841
43 0.003683 0.000996
145 0.027891 0.003864
205 0.048715 0.005812
101 0.012645 0.002783
91 0.01202 0.002493
153 0.030361 0.00417
240 0.068458 0.007233
82 0.010886 0.002232
13 0.001146 0.000249
94 0.012743 0.002646
2 0.000687 7.1e-05
91 0.012304 0.002394
271 0.078411 0.008446
234 0.058896 0.006775
231 0.058775 0.006745
163 0.033758 0.004567
153 0.030134 0.004099
76 0.01032 0.001849
268 0.077831 0.007955
299 0.096252 0.008835
138 0.024425 0.003902
6 0.00078 0.000133
74 0.009923 0.002008
296 0.096745 0.008756
295 0.093339 0.009032
291 0.090372 0.008714
215 0.052198 0.006102
39 0.003248 0.000957
191 0.043231 0.005464
151 0.029154 0.004306
118 0.018396 0.003216
243 0.066368 0.007497
8 0.000791 0.00017
162 0.03229 0.004441
45 0.004119 0.001149
170 0.036503 0.004747
90 0.012099 0.002442
261 0.074335 0.007634
49 0.005808 0.001079
5 0.000696 0.000108
123 0.021204 0.003257
249 0.153802 0.007408
92 0.012534 0.002327
277 0.084111 0.008441
39 0.003246 0.000969
33 0.00265 0.000801
252 0.071781 0.007097
223 0.056215 0.006596
180 0.040182 0.00491
152 0.02949 0.004256
149 0.029598 0.004127
68 0.008719 0.001789
101 0.013316 0.002913
70 0.008981 0.001842
142 0.027208 0.004144
283 0.093199 0.008746
44 0.003832 0.001274
133 0.022721 0.003509
16 0.001084 0.000284
140 0.026038 0.003804
197 0.048689 0.005862
255 0.072669 0.007607
226 0.058686 0.006745
292 0.098092 0.009104
36 0.003024 0.000892
82 0.013878 0.020043
64 0.008314 0.001558
126 0.022228 0.003693
94 0.01328 0.00261
226 0.058594 0.006718
41 0.003436 0.001
235 0.062433 0.00705
225 0.057934 0.00668
39 0.003324 0.000935
277 0.083751 0.008674
293 0.097129 0.008834
214 0.053267 0.006295
21 0.001655 0.000542
112 0.016918 0.003106
284 0.091892 0.008711
273 0.085248 0.007938
52 0.006357 0.001435
147 0.028798 0.004182
249 0.070959 0.007596
126 0.021676 0.00372
232 0.060663 0.007022
104 0.014641 0.002786
109 0.016632 0.002994
177 0.04011 0.005118
205 0.049556 0.005958
101 0.013008 0.002855
21 0.001724 0.000538
200 0.048486 0.005914
16 0.001195 0.000314
292 0.095396 0.009039
253 0.073936 0.007537
274 0.08425 0.008739
212 0.052209 0.006104
280 0.084251 0.008446
237 0.067542 0.007164
161 0.033129 0.004575
223 0.058797 0.006708
22 0.001901 0.000564
110 0.017068 0.003049
81 0.011208 0.002152
292 0.098177 0.008915
77 0.010716 0.001981
20 0.001572 0.000581
259 0.076123 0.007705
132 0.023878 0.003835
42 0.003444 0.001134
233 0.059987 0.007042
131 0.022669 0.003751
253 0.073157 0.007523
54 0.006805 0.001235
217 0.05412 0.006297
26 0.002337 0.000666
72 0.010344 0.001877
273 0.080796 0.008127
267 0.079857 0.007974
114 0.018125 0.002998
292 0.09704 0.008875
281 0.086649 0.027285
9 0.000889 0.000196
278 0.085302 0.008349
201 0.048956 0.005712
208 0.051229 0.006045
277 0.082876 0.008686
59 0.007767 0.001549
52 0.006296 0.001487
88 0.012332 0.002363
4 0.000707 0.000113
280 0.085497 0.008632
171 0.036988 0.005151
19 0.001535 0.00054
190 0.043275 0.005966
176 0.040612 0.004908
103 0.01486 0.002711
156 0.031767 0.004435
101 0.01353 0.002823
156 0.032582 0.004419
201 0.04941 0.005845
24 0.001967 0.000601
2 0.000605 8.9e-05
98 0.01315 0.002707
163 0.034382 0.004598
173 0.038859 0.00498
177 0.040127 0.005114
74 0.010339 0.002011
247 0.070764 0.007417
225 0.059967 0.006645
55 0.00887 0.001595
259 0.074799 0.00764
138 0.025187 0.004026
17 0.001174 0.000487
299 0.100529 0.009135
265 0.080193 0.008059
10 0.000916 0.000206
63 0.007936 0.001674
236 0.066599 0.007034
227 0.059831 0.00691
140 0.026636 0.003862
122 0.020817 0.003255
203 0.048754 0.006097
131 0.023291 0.003787
254 0.075498 0.007481
265 0.07786 0.00824
33 0.0028 0.000864
161 0.033161 0.004373
201 0.049091 0.005887
143 0.02817 0.004201
193 0.044547 0.005642
123 0.021661 0.003417
120 0.019267 0.003163
94 0.013073 0.002615
51 0.0062 0.001405
228 0.110745 0.007949
170 0.03815 0.004834
207 0.051612 0.006327
38 0.003118 0.00091
300 0.098453 0.009465
246 0.070051 0.007471
295 0.097745 0.00924
199 0.047344 0.005813
180 0.039988 0.005163
162 0.033459 0.004472
10 0.000943 0.000212
55 0.006778 0.001454
231 0.079841 0.006915
287 0.09228 0.008548
251 0.075003 0.008086
190 0.041628 0.005841
97 0.012678 0.002666
131 0.022987 0.003663
278 0.0855 0.008454
264 0.076637 0.008225
209 0.050993 0.006253
50 0.006003 0.001303
137 0.02502 0.003842
101 0.013471 0.002873
162 0.032282 0.004608
134 0.023672 0.003759
214 0.0535 0.006291
180 0.040672 0.005013
115 0.018631 0.003294
200 0.049663 0.006122
53 0.006395 0.001157
109 0.01678 0.003002
47 0.004964 0.001217
278 0.084349 0.008257
280 0.08828 0.008595
174 0.039491 0.004737
281 0.084477 0.008501
224 0.058481 0.006732
65 0.008698 0.001618
41 0.003734 0.000967
68 0.008935 0.001797
12 0.001016 0.000242
21 0.001696 0.000538
176 0.040403 0.004856
200 0.048462 0.006124
206 0.050251 0.006149
226 0.059091 0.006715
165 0.035143 0.004645
116 0.018903 0.003253
189 0.041551 0.005551
154 0.031538 0.004287
31 0.002668 0.000832
10 0.000994 0.000228
104 0.014942 0.002715
250 0.072524 0.007516
28 0.002589 0.000698
250 0.071676 0.00748
156 0.031993 0.004436
256 0.075943 0.008122
191 0.044008 0.005571
156 0.031646 0.004341
158 0.033048 0.004669
248 0.071498 0.007828
265 0.076693 0.008103
215 0.052667 0.006313
135 0.045199 0.003653
3 0.000672 0.000104
32 0.002835 0.00092
269 0.08132 0.00819
145 0.029165 0.003984
133 0.023026 0.003605
255 0.075461 0.007633
157 0.032202 0.004345
55 0.006558 0.001444
188 0.043385 0.00542
249 0.072699 0.007485
289 0.094926 0.009155
101 0.013627 0.002838
290 0.093484 0.008849
240 0.068342 0.007329
154 0.030888 0.0042
65 0.0083 0.001602
120 0.019054 0.003183
206 0.049673 0.006144
70 0.008868 0.001721
27 0.002514 0.000679
37 0.003143 0.001014
200 0.048088 0.006039
256 0.076599 0.008186
89 0.012154 0.002222
105 0.016397 0.002771
83 0.011515 0.002214
74 0.010082 0.002071
67 0.008882 0.001796
249 0.070728 0.007643
214 0.054025 0.006379
10 0.000952 0.000211
92 0.012822 0.00242
44 0.003764 0.001225
192 0.043648 0.005258
78 0.011064 0.001967
60 0.008014 0.00169
269 0.142452 0.008165
35 0.003033 0.000887
80 0.011046 0.002104
64 0.008117 0.001571
173 0.038401 0.004886
32 0.002729 0.000815
183 0.04078 0.00514
177 0.040381 0.005272
287 0.096532 0.008697
276 0.084521 0.008281
204 0.048677 0.00604
126 0.021375 0.003732
29 0.002531 0.000593
18 0.00121 0.000448
48 0.005277 0.001165
122 0.02066 0.003373
93 0.012895 0.002466
89 0.012292 0.002263
285 0.093757 0.008659
298 0.100002 0.009016
86 0.011823 0.002279
267 0.079468 0.008022
24 0.001998 0.000524
288 0.09473 0.008707
103 0.014888 0.002689
89 0.012241 0.002202
108 0.017056 0.002999
129 0.022809 0.003419
206 0.049342 0.005997
171 0.03694 0.0052
193 0.043628 0.005557
256 0.074618 0.008072
196 0.048088 0.005705
272 0.080759 0.008345
82 0.011497 0.002191
108 0.017042 0.002837
246 0.069796 0.007483
236 0.078441 0.00717
73 0.010321 0.001805
44 0.003346 0.001161
221 0.051666 0.006204
43 0.003341 0.000928
202 0.044587 0.005253
219 0.049663 0.005658
176 0.03538 0.004344
157 0.028157 0.003836
54 0.0059 0.001089
288 0.081718 0.007874
48 0.004575 0.001068
3 0.000596 9.6e-05
271 0.070548 0.007492
205 0.080294 0.006383
265 0.068193 0.007046
201 0.041867 0.004985
222 0.05071 0.005871
245 0.061066 0.006189
221 0.049258 0.006037
291 0.084095 0.007936
293 0.085235 0.007621
204 0.043044 0.005207
218 0.047706 0.005504
223 0.052108 0.005994
252 0.063588 0.006556
50 0.005359 0.001186
21 0.001787 0.000545
266 0.068372 0.00736
91 0.011451 0.002211
157 0.028583 0.003901
8 0.000738 0.00015
210 0.046275 0.005606
66 0.007496 0.001569
5 0.000611 0.000101
201 0.04215 0.005122
244 0.059844 0.006553
128 0.019772 0.003192
24 0.001769 0.000565
215 0.046466 0.005533
199 0.042243 0.005066
103 0.013243 0.002265
11 0.000846 0.00022
185 0.037333 0.004644
96 0.011018 0.002095
240 0.059243 0.006476
211 0.048161 0.005602
52 0.005586 0.001233
100 0.011465 0.00246
15 0.001013 0.000291
192 0.063177 0.004678
245 0.060106 0.006419
251 0.063321 0.006993
59 0.006703 0.001346
171 0.03262 0.004358
5 0.00058 0.000109
224 0.051 0.006002
86 0.010556 0.00203
30 0.002335 0.000633
167 0.031776 0.004079
267 0.070368 0.007032
135 0.021568 0.003238
280 0.074587 0.007459
187 0.037101 0.004788
109 0.015361 0.002542
274 0.073417 0.007632
95 0.010769 0.002252
191 0.038508 0.004942
58 0.006769 0.001246
44 0.00325 0.001137
11 0.000874 0.000211
151 0.026701 0.003963
237 0.05871 0.006099
268 0.070456 0.007079
184 0.037093 0.004609
194 0.038538 0.004907
38 0.002777 0.000811
238 0.058646 0.0065
249 0.063694 0.006624
181 0.036859 0.004655
129 0.019041 0.003029
2 0.000584 7.1e-05
263 0.067609 0.007273
210 0.04714 0.005552
299 0.087907 0.008248
162 0.029564 0.003923
53 0.005672 0.001118
262 0.06783 0.006889
195 0.061729 0.005165
239 0.058298 0.006361
192 0.038317 0.004678
42 0.003136 0.000949
257 0.067053 0.00711
189 0.039352 0.004957
191 0.038071 0.0048
162 0.02848 0.004005
167 0.031156 0.0041
128 0.020524 0.003323
112 0.015214 0.002871
6 0.000674 0.000125
173 0.03443 0.004306
52 0.005638 0.001287
110 0.015241 0.00272
231 0.05305 0.006116
225 0.051346 0.005927
291 0.083807 0.007771
205 0.043477 0.005202
79 0.009696 0.001691
65 0.007533 0.001411
185 0.036294 0.004664
51 0.005352 0.001222
191 0.038313 0.004841
258 0.068179 0.006566
189 0.038055 0.004795
43 0.003303 0.000921
144 0.024983 0.003652
167 0.030835 0.003979
127 0.018885 0.003105
240 0.060144 0.006292
7 0.000788 0.000144
14 0.000983 0.000282
73 0.009057 0.001547
97 0.011583 0.002316
264 0.068065 0.007152
78 0.009564 0.001778
155 0.027458 0.004033
223 0.050395 0.006053
290 0.081665 0.007758
281 0.07578 0.007535
196 0.042462 0.005085
298 0.083752 0.008188
201 0.041931 0.00514
47 0.004376 0.001103
13 0.000998 0.000241
11 0.000818 0.00023
272 0.072493 0.007366
66 0.007459 0.001689
9 0.000896 0.00018
9 0.000823 0.000166
72 0.008972 0.001608
157 0.028982 0.003799
262 0.069064 0.007104
54 0.005925 0.001132
176 0.034481 0.004317
143 0.02487 0.003615
178 0.035603 0.004248
168 0.031967 0.004197
143 0.024799 0.003648
129 0.019366 0.003057
178 0.034425 0.00429
265 0.070073 0.007084
296 0.086734 0.007959
133 0.020106 0.003106
263 0.069247 0.007284
155 0.026796 0.003907
294 0.084747 0.007897
173 0.034256 0.004443
142 0.023145 0.003424
41 0.003118 0.000872
205 0.04325 0.005398
77 0.009496 0.001777
294 0.083784 0.007901
228 0.052518 0.006189
275 0.073231 0.007624
136 0.02179 0.003377
84 0.010425 0.001935
234 0.053282 0.006187
283 0.081746 0.007625
156 0.027431 0.003903
273 0.071691 0.00717
267 0.070695 0.007066
231 0.052853 0.006037
210 0.047037 0.005686
48 0.004542 0.001052
140 0.022423 0.00332
103 0.012832 0.002319
39 0.002946 0.000824
52 0.005558 0.00119
178 0.035619 0.00436
218 0.048529 0.005622
42 0.003126 0.000997
39 0.002843 0.000796
279 0.075765 0.007467
295 0.086252 0.008185
240 0.059119 0.006505
147 0.025557 0.003629
249 0.063658 0.006556
6 0.000711 0.000129
139 0.022154 0.003523
82 0.010007 0.00204
224 0.051666 0.005892
155 0.027192 0.003958
141 0.043401 0.003449
292 0.085061 0.007927
24 0.001782 0.000485
109 0.014941 0.002629
175 0.033852 0.004275
238 0.059379 0.006482
36 0.002757 0.000847
28 0.002184 0.000636
247 0.060243 0.00684
98 0.011387 0.002242
57 0.006439 0.00124
80 0.009696 0.001866
239 0.058721 0.006292
42 0.003096 0.001006
243 0.06045 0.006728
299 0.087346 0.008269
150 0.025497 0.003967
53 0.005661 0.001147
158 0.028545 0.004169
270 0.072222 0.007313
242 0.059202 0.006307
265 0.069998 0.007171
172 0.034187 0.004241
26 0.001811 0.000593
35 0.002575 0.000742
191 0.037459 0.004838
56 0.006089 0.001078
48 0.004622 0.001079
276 0.074954 0.007163
93 0.011974 0.002186
57 0.006279 0.00122
79 0.009619 0.001722
174 0.03462 0.004185
73 0.008965 0.001512
132 0.020286 0.003381
60 0.006913 0.001518
109 0.014885 0.002584
149 0.025372 0.003647
109 0.014422 0.002642
71 0.007878 0.001691
69 0.007706 0.001625
107 0.014027 0.002346
156 0.027277 0.003722
131 0.019429 0.003059
174 0.032777 0.004082
72 0.008725 0.001562
178 0.035205 0.004261
293 0.082922 0.00765
22 0.001496 0.000519
94 0.011674 0.002324
7 0.000761 0.000165
153 0.026968 0.003782
11 0.000825 0.000222
46 0.00374 0.000921
300 0.087843 0.008068
6 0.000691 0.000117
206 0.044309 0.005516
260 0.067569 0.006793
85 0.010495 0.001917
232 0.052657 0.006306
261 0.068078 0.00701
97 0.011426 0.002231
276 0.072345 0.00713
105 0.014176 0.002424
77 0.009268 0.001737
197 0.041776 0.005276
127 0.019716 0.003098
276 0.074748 0.00729
198 0.043018 0.005149
109 0.014839 0.002597
220 0.049975 0.005948
283 0.082005 0.007663
64 0.007304 0.001479
15 0.000966 0.000274
164 0.030728 0.004335
32 0.002368 0.000692
18 0.001108 0.000397
213 0.049492 0.005454
3 0.000559 0.0001
69 0.007792 0.0015
299 0.08719 0.008202
237 0.058629 0.006297
226 0.051851 0.0061
61 0.007216 0.001285
41 0.002995 0.000864
67 0.007894 0.001535
179 0.035547 0.004908
121 0.018276 0.002819
1 0.00058 5.4e-05
2 0.000588 6.2e-05
194 0.039566 0.004756
220 0.048922 0.005943
113 0.015269 0.002607
79 0.009528 0.0018
121 0.018719 0.002728
200 0.04178 0.005357
211 0.045838 0.005589
265 0.070464 0.00712
173 0.033967 0.004292
290 0.082355 0.007714
156 0.027854 0.003757
133 0.02039 0.003092
94 0.011266 0.002328
67 0.007733 0.001541
251 0.063988 0.007006
153 0.027023 0.003845
300 0.086525 0.008153
237 0.121738 0.008824
164 0.031068 0.004363
127 0.018989 0.003
165 0.031038 0.004041
252 0.063137 0.006493
71 0.00818 0.001601
182 0.037212 0.004639
7 0.000689 0.000142
252 0.063568 0.006476
9 0.000778 0.000182
215 0.047057 0.005565
63 0.007346 0.001471
23 0.001739 0.000492
173 0.035251 0.004388
86 0.010565 0.002082
153 0.055352 0.005297
175 0.034483 0.004276
68 0.007605 0.001569
285 0.082386 0.00762
87 0.01064 0.002084
202 0.042855 0.00517
256 0.065434 0.007196
245 0.060922 0.006412
294 0.08639 0.007987
100 0.011852 0.002399
272 0.07235 0.007428
293 0.085518 0.007765
138 0.021889 0.003529
230 0.052006 0.006408
99 0.012038 0.00239
78 0.009606 0.001757
32 0.002401 0.000667
289 0.081304 0.008089
217 0.04933 0.005737
197 0.041528 0.005215
27 0.002883 0.000805
71 0.008107 0.001606
20 0.001324 0.000509
178 0.035112 0.004318
229 0.051767 0.005977
103 0.013124 0.002251
197 0.042679 0.005305
169 0.031546 0.004225
156 0.027683 0.003835
239 0.059841 0.006214
7 0.000701 0.000139
112 0.015147 0.002596
162 0.028732 0.004025
154 0.02747 0.003703
249 0.063769 0.006715
162 0.030153 0.004021
264 0.068098 0.007341
240 0.058926 0.006362
128 0.019725 0.003288
212 0.047142 0.005433
149 0.025415 0.00371
9 0.000846 0.000178
31 0.002402 0.0007
185 0.036705 0.004658
270 0.071981 0.007396
185 0.037724 0.004733
177 0.034995 0.004494
289 0.082944 0.008222
228 0.052558 0.006066
227 0.052085 0.006157
69 0.00752 0.001515
91 0.011024 0.002162
272 0.072569 0.007319
194 0.091313 0.004818
83 0.010124 0.002002
10 0.000867 0.000178
146 0.025367 0.003581
137 0.021318 0.003345
28 0.002162 0.000654
151 0.025659 0.003901
48 0.004799 0.001052
120 0.017514 0.002942
198 0.041786 0.00516
204 0.043135 0.005108
286 0.082662 0.00738
68 0.007955 0.001585
123 0.018226 0.003028
144 0.053519 0.004871
100 0.011432 0.002324
180 0.035444 0.004338
234 0.054663 0.006016
110 0.014767 0.002755
274 0.073957 0.007676
55 0.005745 0.001239
135 0.021482 0.003284
103 0.01313 0.002293
47 0.004539 0.000961
85 0.012552 0.002291
74 0.011351 0.002184
290 0.102585 0.009608
91 0.013774 0.002659
299 0.109016 0.009963
145 0.031719 0.004421
15 0.001248 0.000345
185 0.091671 0.00569
9 0.000966 0.000225
271 0.089691 0.009565
